10000000 229.87528845927577 -579.9201654884109
6812790 130.65048296039527 -2182.823115780598
4641420 125.71347411692659 -4194.2883553108195
3162100 131.5873347851421 -6881.582235932218
2154280 162.07091811669645 -10575.237819834932
1467660 172.7710852749428 -15926.960639219713
1000000 241.39966285457325 -23560.664323939836
681279 361.1360376673381 -34678.401482772635
464142 568.6682798454416 -50910.43914415618
316210 922.1284455988639 -74638.46140643826
215428 1520.7620163074264 -109285.9466228885
146766 2578.4828456772675 -159746.3754442251
99989 4166.23499166892 -233680.5792898224
68120 6775.391050350339 -341769.6865698854
46409 11329.630200548381 -499310.0855674602
31618 18733.780537798735 -729157.9667602325
21540 31203.316704007015 -1064306.4013543269
14675 51383.84536330289 -1551766.3375065771
9997 87041.63959337554 -2262030.6956508453
6811 149705.3924203031 -3295757.1401837165
4640 258107.71578162015 -4794385.458713023
3161 459140.01829200925 -6969787.043440899
2153 816550.7634374298 -10130310.702574272
1467 1495096.9185329822 -14649257.041512808
999 2787786.2872743583 -21119667.830917288
681 5292002.445543065 -30314867.427952573
464 10064757.39535538 -42977928.550640136
316 19088222.25373315 -59167125.5527093
215 35152892.65239879 -79748579.90571998
146 63588407.79139196 -97056060.91832542
99 109949969.06166871 -131233001.96947269
68 142433207.29053643 -113215480.34788339
46 169417447.27122763 -105843102.24710096
31 204371900.42062387 -79635611.90292168
25 212958907.1748124 -84608787.76923937
