10000000 232.07340414557748 -585.7318714437522
6812790 132.46001726451593 -2200.0520189640033
4641420 129.49265014588175 -4225.371631768109
3162100 139.58766979993243 -6929.886344731528
2154280 178.86838674348567 -10644.262484773835
1467660 205.17104561684604 -16026.253508090122
1000000 303.1323887110639 -23698.924772126556
681279 475.95678252628943 -34857.89645709382
464142 774.4496821596424 -51138.1312095795
316210 1293.1417261250897 -74893.55204349302
215428 2177.7594064595532 -109559.65253108305
146766 3743.4935934692735 -159988.1243809611
99989 6220.5663672472 -233639.74795020427
68120 10564.128048392844 -341155.14543747844
46409 18006.692793957478 -497519.951190173
31618 31155.92162425482 -725032.4354124274
21540 54433.77411820084 -1055448.596164862
14675 95702.83613134429 -1534269.2289805089
9997 172525.89515470984 -2228207.8620719197
6811 316605.72634428414 -3229438.1967428084
4640 594067.9187617688 -4663841.477646695
3161 1127207.0168744866 -6699378.946951562
2153 2164698.9937026966 -9525820.896008799
1467 4130790.0450604986 -13244493.31241079
999 7710088.063642393 -17756392.562603686
681 13637205.90822475 -22318078.281007923
464 22145868.82800299 -25300156.82193622
316 31561305.44137212 -25441573.98856454
215 40233737.60254246 -22444198.67143817
146 46461817.47310158 -17728377.16669513
99 52132542.3045957 -13110241.446832446
68 52261032.00028005 -9103434.457670527
46 53463404.64858277 -5757754.466318399
31 53149218.64239471 -4720883.879775921
25 53548542.93132258 -4171838.0436170874
