10000000 242.77577314285926 -582.7280494973987
6812790 149.7982548928568 -2203.330426144043
4641420 153.97654297454713 -4233.219748124042
3162100 176.27740586062706 -6938.302408750152
2154280 234.7299858108364 -10650.374267553056
1467660 294.6962813281723 -16020.601719626251
1000000 447.7822100924334 -23661.452702742215
681279 718.2078862122256 -34774.319773685886
464142 1177.6427019291925 -50930.174266328504
316210 1980.798472605018 -74461.34310627943
215428 3363.406567715921 -108759.86988050448
146766 5801.608881839832 -158455.2140453976
99989 9969.01242264663 -231002.41694102154
68120 17382.15001130308 -336537.50371115614
46409 31028.884212499288 -489547.88161608734
31618 56460.359516078395 -710851.8309688004
21540 104516.61611809368 -1030374.5607307809
14675 196830.81573303376 -1487148.0364718728
9997 376725.14042401215 -2133637.3048084355
6811 725182.4281707332 -3022526.8495159633
4640 1385880.1203436553 -4183852.8382052174
3161 2568136.3118903036 -5555865.882359536
2153 4474323.585936128 -6874038.627351502
1467 7098152.867881491 -7644403.929029714
999 9934307.90319238 -7466181.252319534
681 12335315.701094119 -6434355.633609662
464 13955434.905773329 -5030053.5026329495
316 14911294.283410268 -3738385.130430911
215 15419814.802782746 -2678763.1425366737
146 15629698.72240942 -1906533.2183614823
99 15312268.62015076 -1326276.8428984794
68 15928664.045767896 -1046016.5951642519
46 15863256.31053794 -84227.44205506239
31 16081479.134659924 -690537.5206748059
25 16131744.09608184 -623188.8860139563
